image: ./carla_map.pgm
resolution: 0.050000
origin: [-20.425001, -397.416975, 0.000000]
negate: 0
occupied_thresh: 0.65
free_thresh: 0.196

