image: carla_map_2.pgm
resolution: 0.100000
origin: [-20.425001, -397.416875, 0.000000]
negate: 0
occupied_thresh: 0.65
free_thresh: 0.196

