image: carla_map_gmapping.pgm
resolution: 0.100000
origin: [-48.400000, -384.400000, 0.000000]
negate: 0
occupied_thresh: 0.65
free_thresh: 0.196

