image: carla_map_new.pgm
resolution: 0.100000
origin: [-61.800000, -385.000000, 0.000000]
negate: 0
occupied_thresh: 0.65
free_thresh: 0.196

